224
154
172
128
245
164
97
92
11
12
8
205
206
34
163
38
164
209
142
163
224
231
133
194
131
145
244
30
219
150
1
255
10
77
59
157
114
89
219
158
250
181
214
139
4
115
58
192
142
227
111
24
10
28
183
27
142
229
187
153
160
118
147
241
130
250
106
53
241
177
156
62
174
82
14
183
54
247
231
35
95
218
20
151
26
250
241
80
121
100
46
116
45
21
171
148
177
200
213
40
158
5
83
200
15
70
126
219
215
33
180
247
124
50
176
103
29
211
123
208
71
163
208
69
171
196
247
61
249
231
83
92
97
80
189
23
228
185
190
237
7
243
132
183
247
10
97
13
127
190
194
154
84
88
116
151
234
44
73
77
73
98
243
64
113
177
199
163
120
125
47
33
241
207
192
240
90
129
148
239
237
126
68
45
169
227
59
9
65
123
248
102
203
104
17
215
18
58
193
214
76
141
70
40
78
166
47
117
152
76
162
244
59
10
251
244
91
219
126
109
31
101
234
1
68
130
184
253
129
252
118
72
16
54
66
119
131
136
178
165
183
148
220
204
38
87
60
149
214
246
13
105
230
176
88
151
67
104
96
225
88
129
166
59
136
175
249
255
11
88
246
46
155
163
182
6
36
22
49
151
106
135
111
81
38
51
173
67
71
186
248
31
42
139
223
201
200
255
218
217
133
18
90
73
52
42
201
52
213
8
30
146
244
41
200
196
29
192
145
105
39
217
206
198
170
27
50
144
42
6
245
96
112
11
14
97
252
133
123
1
48
54
61
41
54
173
13
203
138
232
88
159
204
97
4
35
97
0
198
85
198
172
227
200
24
27
2
128
211
158
171
70
187
100
106
198
170
45
114
238
131
62
59
146
10
141
76
185
193
196
65
34
151
29
242
85
37
27
200
211
35
203
251
34
223
206
166
108
73
40
31
169
241
90
153
255
112
156
134
63
23
163
8
250
112
215
94
19
33
152
162
165
135
192
60
19
189
49
202
236
96
90
73
36
95
106
209
239
104
247
161
7
8
180
1
165
82
245
70
203
214
82
63
67
156
177
181
234
101
174
192
118
210
65
38
227
223
224
97
144
111
82
79
217
150
176
6
220
124
206
187
133
159
121
95
153
166
234
22
55
207
243
36
14
115
236
194
163
132
165
4
71
113
176
101
127
179
229
200
156
156
2
188
154
127
9
241
153
237
120
218
47
193
4
250
47
227
205
137
172
175
226
97
37
97
237
202
249
236
133
173
16
195
101
144
46
105
55
191
160
255
152
58
3
191
250
53
105
202
162
132
94
231
111
201
169
115
189
216
42
98
5
88
32
140
226
244
86
215
80
139
66
223
2
48
18
123
173
160
12
63
212
211
71
210
111
185
13
143
32
54
78
112
61
240
177
102
165
36
118
173
74
14
24
151
31
127
177
73
208
199
22
26
150
162
38
55
80
138
201
161
89
237
191
222
245
156
177
121
219
77
142
213
113
73
55
23
144
75
63
237
29
87
46
117
149
125
126
160
118
18
100
220
131
65
27
106
81
114
149
67
130
120
238
107
0
108
175
144
36
170
8
227
33
44
39
23
165
107
163
4
112
49
15
62
141
240
245
12
11
29
145
172
236
75
25
207
151
201
22
86
231
217
162
234
42
49
196
227
81
234
165
250
84
131
228
65
207
103
48
95
27
118
219
165
77
130
136
127
136
148
74
176
252
83
29
196
202
124
127
61
50
124
5
11
231
67
228
82
213
127
240
238
37
161
167
226
208
137
50
130
51
5
163
86
124
161
179
204
43
165
142
232
197
159
86
241
88
126
203
102
96
20
239
248
164
151
15
58
121
119
85
35
95
147
215
86
238
236
165
150
88
238
75
198
193
127
236
216
12
126
119
181
180
253
169
155
158
86
211
83
2
80
27
159
105
125
112
195
242
58
145
88
184
226
123
23
179
109
168
32
236
154
156
232
119
180
86
235
190
125
161
193
155
129
240
131
18
52
71
254
90
166
5
27
57
119
61
113
118
170
152
42
86
93
80
47
103
0
55
12
222
65
225
242
49
215
228
196
76
46
237
107
188
102
7
122
93
127
64
100
246
5
201
183
36
164
113
193
254
45
227
117
188
233
193
17
73
101
106
119
149
9
56
126
41
246
235
241
108
31
246
234
65
34
209
229
146
68
51
69
105
23
180
245
248
61
138
177
182
186
242
123
240
88
229
88
222
125
31
100
158
51
76
169
8
65
196
36
0
85
143
201
237
163
181
99
121
169
246
