28
241
89
108
227
48
204
89
123
7
106
224
43
187
217
33
46
207
117
197
181
157
36
39
184
204
26
1
94
55
98
200
235
80
48
124
235
66
254
117
220
41
63
1
86
211
224
34
124
95
35
207
193
151
196
92
66
71
101
72
26
44
48
186
109
71
159
61
0
240
207
107
249
7
244
154
238
216
39
155
1
5
208
240
104
254
172
234
201
163
48
161
47
175
22
11
194
0
175
112
13
250
241
149
139
9
157
159
52
158
109
29
238
43
248
44
74
102
20
166
54
202
226
83
103
255
241
69
47
25
40
196
254
174
25
25
2
69
49
46
35
72
105
187
34
181
124
209
161
173
195
197
32
188
45
183
72
238
209
255
161
189
229
198
145
234
46
37
175
133
134
49
141
129
23
254
120
109
31
144
152
105
196
88
187
161
181
179
41
141
87
172
34
120
233
116
83
129
118
129
44
241
129
174
235
222
96
157
128
50
2
122
173
127
139
189
242
222
24
229
90
117
96
217
223
107
87
64
120
78
228
100
96
73
34
221
173
39
111
68
162
144
20
103
196
160
39
97
155
190
134
47
227
1
77
188
9
195
249
32
185
157
64
38
66
87
51
167
39
135
55
69
121
112
147
152
176
93
230
216
234
174
52
186
95
124
17
251
87
147
198
50
210
111
154
187
160
26
45
53
138
208
42
51
15
28
128
233
51
109
189
33
85
210
42
169
118
132
180
123
106
135
151
49
153
193
132
176
94
49
45
18
58
13
218
39
123
39
21
92
106
115
23
155
221
25
188
194
142
86
144
77
173
170
200
177
236
154
211
107
5
155
238
169
187
141
202
196
83
74
112
186
91
191
102
171
50
212
51
245
138
84
131
96
131
11
55
202
182
18
197
81
65
35
36
184
42
3
227
255
146
35
150
175
229
94
27
158
125
230
145
109
137
109
8
53
190
160
133
27
121
82
212
36
152
81
57
129
133
125
57
127
214
73
105
104
61
164
229
71
186
138
230
43
248
105
174
154
117
231
252
107
142
74
186
96
238
67
247
136
162
185
219
233
250
81
82
126
178
26
13
171
179
98
223
43
204
206
7
176
7
60
82
189
214
222
125
101
74
102
141
214
224
192
87
246
192
54
87
114
198
126
196
224
111
194
225
113
220
2
199
234
146
38
245
109
56
69
15
252
127
50
157
245
108
136
176
41
6
139
29
216
26
18
75
48
39
7
216
229
60
76
23
192
161
13
176
73
79
51
135
130
154
90
231
65
69
35
190
32
56
136
79
177
209
14
235
223
100
249
113
28
163
243
179
233
228
8
10
92
110
2
251
98
210
36
206
18
66
126
67
95
132
192
232
17
81
191
172
241
202
222
23
245
221
50
222
110
131
18
235
23
141
246
103
241
121
242
48
11
197
170
89
61
118
169
175
92
51
77
239
137
255
207
34
141
55
156
115
251
107
225
162
229
247
16
79
12
29
128
179
218
199
36
33
59
34
45
35
102
7
67
7
104
177
217
60
221
147
14
219
169
244
96
11
202
122
63
222
154
8
193
47
103
135
161
127
0
30
167
184
65
209
82
75
80
229
110
39
47
113
236
97
141
253
254
113
4
129
42
175
135
152
55
87
117
197
202
95
255
99
46
56
241
183
71
135
170
246
146
221
128
0
140
199
42
254
11
108
28
9
3
253
46
69
200
221
224
64
87
41
55
79
187
8
48
251
95
25
99
62
48
112
35
156
187
194
212
76
38
249
142
246
251
219
22
22
33
169
60
77
251
233
91
68
76
235
252
75
42
145
177
189
147
71
105
8
216
65
183
241
117
234
146
19
161
233
63
250
254
40
26
213
244
99
136
102
103
206
207
53
69
193
181
110
143
53
64
232
174
177
16
214
41
90
203
225
92
121
196
226
115
193
90
189
49
7
179
107
84
106
110
119
154
58
30
129
118
189
158
116
54
245
36
176
38
216
80
48
246
85
167
146
169
138
6
124
145
253
242
232
134
104
25
245
101
102
194
100
236
226
73
92
105
90
94
71
15
233
112
222
142
217
68
142
230
214
149
227
24
4
8
253
126
224
208
196
110
35
168
86
123
235
171
58
234
167
203
194
194
117
111
47
122
57
175
102
154
75
251
141
176
35
84
208
215
39
179
101
171
210
102
83
236
187
136
160
28
195
85
190
18
139
203
235
79
102
95
54
163
134
96
107
114
125
240
14
239
1
67
68
124
56
24
239
142
228
99
142
9
223
211
47
30
26
76
23
79
187
156
41
226
206
90
189
18
98
135
42
33
50
135
125
116
17
17
97
183
77
68
216
186
179
53
197
217
52
9
165
162
218
187
21
155
239
75
229
191
244
140
11
93
228
93
179
37
209
165
244
203
112
64
159
13
201
213
238
79
220
110
123
26
57
180
176
138
89
253
62
222
143
108
196
230
17
74
46
104
40
149
97
113
96
112
248
27
55
75
171
22
93
188
210
216
140
252
234
31
141
184
171
69
153
77
253
122
17
255
86
92
78
242
200
216
93
254
137
161
57
43
18
170
205
161
155
206
48
147
53
36
185
47
92
193
207
221
40
239
154
221
99
101
3
221
203
6
119
202
98
254
219
3
140
125
42
6
206
164
79
101
67
86
144
121
55
103
119
92
198
107
23
137
113
163
82
32
179
182
29
44
192
27
19
116
63
132
172
123
217
158
3
0
178
189
242
248
43
184
144
76
88
119
149
185
144
38
129
246
103
169
97
232
17
173
57
148
63
24
236
18
209
56
58
74
84
156
185
233
233
74
220
217
32
101
27
138
79
152
240
228
210
174
132
157
6
254
138
217
245
147
58
174
108
226
39
210
158
154
13
208
11
94
30
178
90
154
142
43
85
73
135
171
120
184
244
203
180
247
51
105
173
89
43
98
117
69
214
81
158
154
201
79
10
87
229
217
107
232
181
208
205
71
38
22
244
29
199
208
242
110
126
120
161
224
175
74
111
165
182
213
233
181
62
230
38
181
204
224
181
9
137
22
42
90
44
214
20
153
223
191
117
39
95
172
29
104
229
206
45
49
228
16
10
122
21
220
254
251
57
1
106
180
200
66
183
64
153
130
88
250
105
22
146
230
136
195
170
208
93
196
222
118
132
180
46
43
12
36
251
80
63
179
242
117
236
152
23
102
234
214
59
44
8
121
246
39
222
135
170
145
25
61
180
181
179
207
147
60
116
70
253
70
160
125
230
62
97
57
249
190
227
173
79
202
135
177
248
225
176
86
105
133
158
54
117
114
163
72
84
170
246
148
149
255
191
206
190
97
250
27
166
8
101
211
108
79
93
133
146
74
149
249
212
149
149
121
167
164
75
41
119
29
186
213
207
169
187
255
158
108
95
16
235
159
251
201
13
173
85
10
69
118
146
184
247
212
220
242
135
74
157
154
234
7
149
66
148
212
96
102
99
13
52
117
236
80
30
165
151
118
191
87
152
167
245
233
84
181
177
175
207
236
125
162
249
55
198
235
176
229
133
32
117
188
100
40
252
92
78
63
145
254
152
254
154
156
36
152
172
96
238
41
210
249
242
71
171
180
143
17
221
13
255
157
113
113
191
215
80
60
251
186
111
37
63
166
66
175
151
16
194
178
56
222
159
68
88
188
219
92
70
75
48
179
81
31
203
141
199
246
160
48
33
108
19
58
61
22
82
166
92
204
163
136
2
191
238
156
173
206
230
108
227
216
115
133
158
158
78
148
187
130
79
67
44
69
0
202
101
240
136
102
94
78
71
2
148
16
251
203
211
154
113
55
37
205
225
32
3
205
76
99
232
201
198
126
154
135
32
20
133
25
201
197
9
254
167
80
205
34
103
43
44
196
91
101
24
205
101
11
85
199
241
121
192
20
216
189
70
7
237
154
128
129
149
107
50
36
211
156
2
214
250
184
124
78
68
28
95
132
215
6
159
59
198
218
156
214
19
80
228
77
69
61
108
134
143
122
128
254
208
105
126
39
240
254
229
34
95
171
4
179
170
236
27
127
118
6
136
161
224
167
10
148
16
152
145
0
27
162
2
1
152
1
243
23
88
247
235
111
2
187
62
166
245
133
150
180
242
119
165
146
30
155
72
23
125
230
10
18
127
145
250
200
94
124
56
30
97
115
69
110
85
248
176
169
164
199
18
47
208
34
98
162
7
167
142
234
13
150
158
26
89
133
251
184
113
57
75
18
155
61
99
94
138
254
5
53
98
230
169
103
1
90
34
153
84
73
78
195
107
6
157
222
88
167
191
58
247
171
41
10
13
8
173
181
221
180
2
174
0
188
62
185
228
152
74
140
192
100
196
170
107
212
213
28
237
189
97
107
103
223
3
0
210
73
93
229
125
48
191
0
231
48
78
129
200
140
140
75
110
173
121
172
190
184
228
251
173
75
7
204
54
214
202
36
194
134
212
251
252
211
153
48
237
188
88
11
251
51
244
234
251
62
220
227
112
247
196
218
215
246
199
67
83
155
49
126
17
185
33
102
72
150
132
57
31
140
184
133
